,No,X1 transaction date,X2 house age,X3 distance to the nearest MRT station,X4 number of convenience stores,X5 latitude,X6 longitude,Y house price of unit area
No,1.0,-0.04865794891099269,-0.03280811354999578,-0.013573491173687552,-0.012698945740043264,-0.010109664321608623,-0.011059275733062885,-0.028587169149794145
X1 transaction date,-0.04865794891099269,1.0,0.01754876735616585,0.06087995314213964,0.009635444586478368,0.03505775620518245,-0.0410817778014154,0.08749060640250432
X2 house age,-0.03280811354999578,0.01754876735616585,1.0,0.025622047362740975,0.04959251292396381,0.054419901960111754,-0.048520053385389686,-0.21056704627721676
X3 distance to the nearest MRT station,-0.013573491173687552,0.06087995314213964,0.025622047362740975,1.0,-0.6025191447226251,-0.5910665729874878,-0.8063167695693654,-0.6736128553689182
X4 number of convenience stores,-0.012698945740043264,0.009635444586478368,0.04959251292396381,-0.6025191447226251,1.0,0.4441433056524694,0.4490990073533303,0.5710049111111479
X5 latitude,-0.010109664321608623,0.03505775620518245,0.054419901960111754,-0.5910665729874878,0.4441433056524694,1.0,0.4129239447594798,0.5463066525036089
X6 longitude,-0.011059275733062885,-0.0410817778014154,-0.048520053385389686,-0.8063167695693654,0.4490990073533303,0.4129239447594798,1.0,0.5232865070288262
Y house price of unit area,-0.028587169149794145,0.08749060640250432,-0.21056704627721676,-0.6736128553689182,0.5710049111111479,0.5463066525036089,0.5232865070288262,1.0
