,Unnamed: 0,carat,depth,table,price,x,y,z
Unnamed: 0,1.0,-0.3779834830405479,-0.03480022998283583,-0.10083031923814129,-0.3068731789692042,-0.4054404659184303,-0.3958426713634117,-0.39920828671832526
carat,-0.3779834830405479,1.0,0.028224314279026518,0.18161754651523193,0.9215913011934687,0.9750942267264254,0.9517221990129883,0.9533873805614275
depth,-0.03480022998283583,0.028224314279026518,1.0,-0.2957785215265925,-0.010647404584155393,-0.025289246978973112,-0.029340670703632984,0.09492388239528399
table,-0.10083031923814129,0.18161754651523193,-0.2957785215265925,1.0,0.1271339021217227,0.19534428095550047,0.18376014711635102,0.15092869156479616
price,-0.3068731789692042,0.9215913011934687,-0.010647404584155393,0.1271339021217227,1.0,0.8844351610161171,0.8654208978641909,0.8612494438514452
x,-0.4054404659184303,0.9750942267264254,-0.025289246978973112,0.19534428095550047,0.8844351610161171,1.0,0.9747014796703515,0.9707717985774582
y,-0.3958426713634117,0.9517221990129883,-0.029340670703632984,0.18376014711635102,0.8654208978641909,0.9747014796703515,1.0,0.9520057161562947
z,-0.39920828671832526,0.9533873805614275,0.09492388239528399,0.15092869156479616,0.8612494438514452,0.9707717985774582,0.9520057161562947,1.0
